[-0.51751329 -0.86722907 -0.67702461 -0.00536438  0.82259598  0.64765635
 -0.50185818] Score = 2760[-0.32314947 -0.16427496 -0.09488822  0.04909354 -0.09504439  0.85411972
 -0.15729335] Score = 1191[-0.51751329 -0.86722907 -0.67702461 -0.00536438  0.82259598  0.64765635
 -0.50185818] Score = 3366[-0.51751329 -0.86722907 -0.67702461 -0.00536438  0.82259598  0.64765635
 -0.50185818] Score = 2760[-0.51751329 -0.86722907 -0.67702461 -0.00536438  0.82259598  0.64765635
 -0.50185818] Score = 3753[-0.6451674   0.52818089 -0.24678758 -0.51947801 -0.37582684 -0.32011847
 -0.62070159] Score = 1494[-0.51751329 -0.86722907 -0.67702461 -0.00536438  0.82259598  0.64765635
 -0.50185818] Score = 7272[-0.32314947 -0.16427496 -0.09488822  0.04909354  0.41674828  0.85411972
 -0.15729335] Score = 4574[-0.52756964 -0.75730129 -0.64313135  0.78592795  0.46570298  0.57141686
  0.83044549] Score = 10016[-0.51751329 -0.86722907 -0.67702461 -0.00536438  0.82259598  0.64765635
 -0.50185818] Score = 9159[-0.52756964 -0.75730129 -0.64313135  0.78592795  0.46570298  0.57141686
  0.83044549] Score = 10024[-0.45487956 -0.1461157  -0.38153781 -0.2534525   0.48880593  0.63593717
 -0.37655369] Score = 7379[-0.52756964 -0.75730129 -0.64313135  0.78592795  0.46570298  0.57141686
  0.83044549] Score = 7802[-0.51751329 -0.86722907 -0.23363824  0.11470714  0.82259598  0.64765635
 -0.50185818] Score = 6820[-0.52756964 -0.75730129 -0.64313135  0.78592795  0.46570298  0.57141686
  0.83044549] Score = 7589[-0.51751329 -0.86722907 -0.23363824  0.30194184  0.82259598  0.50890635
 -0.50185818] Score = 6820[-0.52756964 -0.75730129 -0.64313135  0.78592795  0.46570298  0.57141686
  0.83044549] Score = 10009[-0.53109878 -0.70264216 -0.62420051  0.67002884  0.44775578  0.36345231
  0.67075453] Score = 7589[-0.54012338  0.78673728 -0.56703155 -0.449233    0.53543514  0.49474911
  0.58865325] Score = 10086[-0.52756964 -0.75730129 -0.64313135  0.78592795  0.46570298  0.57141686
  0.83044549] Score = 8671[-0.51751329 -0.86722907 -0.67702461 -0.00536438  0.82259598  0.64765635
 -0.50185818] Score = 2760[-0.32314947 -0.16427496 -0.09488822  0.04909354 -0.09504439  0.85411972
 -0.15729335] Score = 1191[-0.51751329  0.33183585 -0.67702461 -0.00536438  0.82259598 -0.70490062
  0.25618107] Score = 2760[-0.52808563 -0.78872941 -0.6576116  -0.03839535  0.75929333  0.5993804
 -0.51384576] Score = 2760[-0.51751329 -0.86722907 -0.67702461 -0.00536438  0.82259598  0.64765635
 -0.50185818] Score = 10020[-0.51751329  0.33183585 -0.67702461 -0.00536438  0.82259598 -0.70490062
  0.25618107] Score = 5323[-0.52808563 -0.78872941 -0.6576116  -0.03839535  0.75929333  0.63491584
 -0.51384576] Score = 7369[-0.51751329  0.33183585 -0.67702461 -0.00536438  0.82259598 -0.70490062
  0.25618107] Score = 7145[-0.52545151  0.61898873 -0.66244839 -0.0301656   0.8193785   0.30109741
 -0.32199176] Score = 7369[-0.84440771 -0.19582225 -0.6678833  -0.02091819 -0.80955554 -0.07400027
 -0.10641352] Score = 7145[-0.52867151  0.63685344 -0.65653579 -0.04022582  0.75578529  0.59670509
 -0.51451007] Score = 10064[ 0.63150075 -0.64441696 -0.22933396  0.11405057  0.41096549 -0.14292858
 -0.21715148] Score = 6355[-0.37604213  0.12699014 -0.48653691  0.08356445  0.61856917  0.30237841
 -0.39618046] Score = 10064[-0.52808563 -0.78872941 -0.6576116  -0.03839535  0.75929333  0.63491584
 -0.51384576] Score = 9828[-0.51751329  0.33183585 -0.67702461  0.37061308  0.82259598 -0.70490062
  0.25618107] Score = 10005[-0.37604213  0.12699014 -0.48653691  0.08356445  0.61856917  0.30237841
 -0.39618046] Score = 7495[-0.39727074 -0.66491236 -0.35422306 -0.14454811  0.42510803  0.06091943
  0.31545161] Score = 10018[-0.51751329  0.33183585 -0.67702461  0.37061308  0.82259598 -0.70490062
  0.25618107] Score = 8035[-0.51751329  0.33183585 -0.67702461 -0.00536438  0.82259598 -0.70490062
  0.25618107] Score = 10099[-0.39727074 -0.66491236 -0.35422306 -0.14454811  0.42510803  0.06091943
  0.31545161] Score = 10029[-0.51751329 -0.86722907 -0.67702461 -0.00536438  0.82259598  0.64765635
 -0.50185818] Score = 2760[-0.32314947 -0.16427496 -0.09488822  0.04909354 -0.09504439  0.85411972
 -0.15729335] Score = 1191[-0.51751329 -0.86722907 -0.67702461 -0.00536438  0.82259598  0.64765635
 -0.50185818] Score = 4289[-0.56808211 -0.49175528 -0.58416971  0.25810974  0.51981141  0.41674637
 -0.55919625] Score = 2760[-0.51751329 -0.86722907 -0.67702461 -0.00536438  0.82259598  0.64765635
 -0.50185818] Score = 9316[-0.51751329 -0.86722907 -0.67702461 -0.00536438  0.82259598  0.64765635
 -0.50185818] Score = 6656[-0.51751329 -0.86722907  0.77995098 -0.00536438  0.15874373  0.64765635
 -0.0043474 ] Score = 9316[-0.51751329 -0.86722907  0.518395   -0.52346567 -0.24134305  0.64765635
 -0.50185818] Score = 9316[-0.51751329 -0.86722907  0.77995098 -0.00536438  0.15874373  0.64765635
 -0.62001466] Score = 9316[-0.51751329  0.71210555  0.518395   -0.52346567 -0.24134305  0.64765635
 -0.50185818] Score = 9316[-0.47733262 -0.87144225 -0.68784874  0.52218427  0.7303272   0.56719578
  0.35172787] Score = 9477[-0.51751329 -0.86722907  0.77995098  0.48358924  0.15874373  0.2574693
 -0.07058383] Score = 9316[-0.50652136 -0.72444733 -0.64917765  0.33568159  0.63446998  0.49648619
  0.12706575] Score = 9477[ 0.01767773 -0.86722907  0.54572288  0.40498348  0.20955598  0.32019703
 -0.13991689] Score = 9316[-0.50652136 -0.72444733 -0.42438926 -0.53333374  0.63446998  0.49648619
  0.12706575] Score = 9477[-0.13636138 -0.71376725  0.27896252  0.23815039  0.23857436 -0.50497536
 -0.25354845] Score = 9316[-0.51751329 -0.86722907 -0.45114419 -0.00536438  0.82259598  0.64765635
  0.81937123] Score = 10023[-0.51751329 -0.86722907 -0.45114419 -0.00536438  0.82259598  0.64765635
 -0.50185818] Score = 9801[-0.50652136 -0.72444733 -0.64917765  0.33568159  0.63446998  0.49648619
  0.12706575] Score = 10035[-0.51751329 -0.86722907 -0.45114419 -0.00536438  0.82259598  0.64765635
  0.81937123] Score = 10016[-0.51751329 -0.86722907 -0.67702461 -0.00536438  0.82259598  0.64765635
 -0.50185818] Score = 2760[-0.32314947 -0.16427496 -0.09488822  0.04909354 -0.09504439  0.85411972
 -0.15729335] Score = 1191[-0.51751329 -0.86722907 -0.67702461 -0.00536438  0.82259598  0.64765635
 -0.50185818] Score = 9740[-0.43297239 -0.56147064 -0.42381732  0.01832276 -0.49041374  0.7374601
 -0.35198553] Score = 2760[-0.6074205  -0.72732271 -0.52759162  0.07483689  0.55564889  0.36605131
 -0.33486077] Score = 8021[-0.51751329 -0.86722907 -0.67702461 -0.00536438  0.82259598  0.64765635
 -0.50185818] Score = 3770[-0.51751329 -0.86722907 -0.67702461 -0.00536438  0.82259598  0.64765635
 -0.50185818] Score = 3214[-0.41346102  0.59428049 -0.36537909  0.02378956 -0.4201716  -0.06751817
 -0.31739611] Score = 2760[-0.37091828 -0.64498886 -0.23795993 -0.41012405  0.13048415  0.8033772
 -0.24197708] Score = 5946[-0.6074205  -0.72732271 -0.52759162  0.07483689  0.55564889  0.36605131
 -0.33486077] Score = 4749[-0.27700918 -0.05225797 -0.54798803  0.09118665  0.2960096  -0.12314243
  0.02797313] Score = 10001[-0.51751329 -0.86722907 -0.67702461 -0.00536438  0.82259598  0.64765635
 -0.50185818] Score = 7488[-0.30019977 -0.1986312  -0.47142746 -0.62854903  0.39706358  0.10565899
 -0.03869031] Score = 10001[-0.51751329 -0.86722907 -0.67702461 -0.71519591  0.82259598  0.64765635
 -0.50185818] Score = 7488[-0.31877504 -0.31587371 -0.41010372 -0.94947294  0.47800613  0.28892511
 -0.09208662] Score = 10131[-0.51751329 -0.86722907 -0.67702461 -0.00536438  0.82259598  0.64765635
 -0.50185818] Score = 10014[-0.51751329 -0.86722907 -0.67702461 -0.00536438  0.82259598  0.64765635
 -0.50185818] Score = 10443[-0.27700918 -0.05225797 -0.54798803  0.09118665  0.2960096  -0.12314243
  0.02797313] Score = 10102[-0.12701749 -0.71181568 -0.58601325 -0.78758329  0.70061014  0.51788692
  0.338625  ] Score = 10731[-0.28329374  0.23082154 -0.84217895 -0.06540278  0.32339486 -0.06113808
 -0.47217444] Score = 10102[-0.51751329 -0.86722907 -0.67702461 -0.00536438  0.82259598  0.64765635
 -0.50185818] Score = 2760[-0.32314947 -0.16427496 -0.09488822  0.04909354 -0.09504439  0.85411972
 -0.15729335] Score = 1191[-0.51751329 -0.86722907 -0.67702461 -0.00536438  0.82259598  0.64765635
 -0.50185818] Score = 4299[-0.7252784  -0.86722907 -0.18505596 -0.05692725  0.82259598  0.64765635
 -0.50185818] Score = 2760[-0.4745886  -0.93552599 -0.54846147  0.0066625   0.61993775  0.69325319
 -0.42576203] Score = 6763[-0.51751329 -0.86722907 -0.67702461 -0.00536438  0.82259598  0.64765635
 -0.50185818] Score = 3890[-0.09567443  0.45527154 -0.92600279  0.18075256  0.0606331  -0.19706308
  0.48694417] Score = 4994[-0.7252784  -0.86722907 -0.18505596 -0.05692725  0.82259598  0.64765635
 -0.50185818] Score = 4298[-0.51003019 -0.72761261 -0.57149118 -0.07457001  0.67111919 -0.13372243
 -0.38426167] Score = 8891[-0.7252784  -0.86722907 -0.18505596 -0.05692725  0.82259598  0.64765635
 -0.50185818] Score = 6550[-0.40334844 -0.86722907 -0.18505596 -0.05692725  0.82259598  0.64765635
 -0.50185818] Score = 6550[-0.51751329 -0.86722907 -0.67702461 -0.00536438  0.82259598  0.64765635
 -0.50185818] Score = 5841[-0.09567443  0.45527154 -0.92600279  0.18075256  0.0606331  -0.76587544
  0.48694417] Score = 10007[-0.51751329 -0.86722907 -0.67702461 -0.00536438  0.82259598  0.64765635
 -0.50185818] Score = 8917[-0.7252784  -0.86722907 -0.18505596 -0.05692725  0.82259598  0.29685748
  0.92478906] Score = 10012[-0.19404194  0.14688105 -0.86794422  0.13735244  0.23831325 -0.99541969
  0.25636791] Score = 10007[-0.25189681 -0.03449887 -0.83379705  0.11182664  0.34281586 -0.24239285
  0.12075445] Score = 10037[-0.51751329 -0.86722907 -0.67702461 -0.00536438  0.82259598  0.64765635
 -0.50185818] Score = 10026[-0.25189681 -0.03449887 -0.83379705  0.11182664  0.34281586 -0.24239285
  0.12075445] Score = 10015[-0.09567443  0.45527154 -0.92600279  0.18075256  0.0606331  -0.19706308
  0.48694417] Score = 10013[-0.51751329 -0.86722907 -0.67702461 -0.00536438  0.82259598  0.64765635
 -0.50185818] Score = 2760[-0.32314947 -0.16427496 -0.09488822  0.04909354 -0.09504439  0.85411972
 -0.15729335] Score = 1191[-0.90226568 -0.86722907 -0.67702461 -0.00536438 -0.00936599  0.64765635
 -0.50185818] Score = 2760[-0.57419645 -0.86722907 -0.67702461 -0.00536438  0.76397493  0.64765635
 -0.50185818] Score = 2760[-0.57419645 -0.86722907 -0.67702461 -0.00536438  0.76397493  0.64765635
 -0.50185818] Score = 3399[-0.90226568 -0.86722907 -0.67702461 -0.00536438 -0.00936599  0.64765635
 -0.50185818] Score = 2973[-0.51751329 -0.86722907 -0.67702461 -0.00536438  0.82259598  0.64765635
 -0.50185818] Score = 10032[-0.57419645 -0.86722907 -0.67702461 -0.00536438  0.76397493  0.64765635
 -0.50185818] Score = 6591[-0.23867976 -0.89646641 -0.75213857  0.11765806  0.18229735  0.08930072
  0.15173559] Score = 10019[-0.57419645 -0.86722907 -0.67702461 -0.00536438  0.76397493  0.64765635
 -0.50185818] Score = 8986[-0.26238323 -0.87967059 -0.72570764  0.12638992  0.16094071  0.06286144
  0.15664724] Score = 10301[-0.2632324  -0.87906889 -0.72476076  0.12670273  0.16017562 -0.03200355
  0.15682319] Score = 10033[-0.24372498 -0.89289147 -0.19696345  0.11951661  0.17775165  0.0836732
  0.15278102] Score = 10301[-0.2632324  -0.87906889 -0.72476076  0.12670273  0.16017562 -0.03200355
  0.15682319] Score = 10040[-0.26238323 -0.87967059 -0.72570764  0.12638992  0.16094071  0.06286144
  0.15664724] Score = 10028[-0.3123778  -0.41711075 -0.71203386  0.07587017  0.37591285  0.27955822
 -0.10673403] Score = 10027[-0.26238323 -0.87967059 -0.72570764  0.12638992  0.16094071  0.06286144
  0.15664724] Score = 11071[-0.2632324  -0.87906889 -0.72476076  0.12670273  0.16017562 -0.03200355
  0.15682319] Score = 10121[-0.27068155 -0.89367774 -0.74497416  0.1059241   0.23777811  0.14255702
  0.08939542] Score = 10079[-0.26490478 -0.88392685 -0.73156202  0.12017111  0.18428875  0.08707798
  0.1362119 ] Score = 10018[-0.51751329 -0.86722907 -0.67702461 -0.00536438  0.82259598  0.64765635
 -0.50185818] Score = 2760[-0.32314947 -0.16427496 -0.09488822  0.04909354 -0.09504439  0.85411972
 -0.15729335] Score = 1191[-0.51751329 -0.86722907 -0.67702461 -0.00536438  0.82259598  0.64765635
 -0.50185818] Score = 4824[-0.60881209 -0.26894357 -0.03352811  0.19985415 -0.26051194  0.14312934
  0.05103975] Score = 1191[-0.51751329 -0.86722907 -0.67702461 -0.00536438  0.82259598  0.64765635
 -0.50185818] Score = 6536[-0.32314947 -0.16427496 -0.09488822  0.04909354 -0.09504439  0.85411972
 -0.15729335] Score = 2571[-0.51751329 -0.86722907 -0.67702461 -0.00536438 -0.02534798  0.64765635
 -0.50185818] Score = 6536[-0.51751329 -0.86722907 -0.67702461 -0.00536438  0.82259598  0.64765635
 -0.50185818] Score = 3149[-0.51751329 -0.86722907 -0.67702461 -0.00536438  0.82259598  0.64765635
 -0.50185818] Score = 7203[ 0.8865541  -0.86722907 -0.73933752 -0.00536438  0.82259598  0.64765635
 -0.50185818] Score = 3149[ 0.04737448 -0.86722907 -0.70209449 -0.00536438  0.05463885  0.64765635
 -0.50185818] Score = 7203[-0.53129718 -0.81996486 -0.68326411 -0.03622114  0.74605583  0.57883717
 -0.48943737] Score = 7203[ 0.04737448  0.02192434 -0.70209449 -0.00536438  0.05463885  0.17441399
 -0.33074258] Score = 7203[-0.53129718 -0.81996486 -0.68326411 -0.03622114  0.74605583  0.57883717
 -0.48943737] Score = 5381[ 0.04737448  0.02192434  0.68862312 -0.00536438  0.05463885  0.17441399
 -0.35120336] Score = 7203[-0.07778699 -0.16016871 -0.20403764 -0.01203842  0.20418611  0.26188708
  0.07388364] Score = 7203[-0.07778699 -0.16016871 -0.20403764 -0.01203842  0.20418611  0.26188708
  0.07388364] Score = 10039[-0.53129718 -0.81996486 -0.68326411 -0.03622114  0.74605583  0.57883717
 -0.48943737] Score = 7881[-0.07778699 -0.16016871 -0.20403764 -0.01203842  0.20418611  0.26188708
  0.07388364] Score = 10040[-0.1155223  -0.22084541 -0.24462723 -0.01146568  0.18448854  0.29499204
  0.0244761 ] Score = 8425[-0.51751329 -0.86722907 -0.67702461 -0.00536438  0.82259598  0.64765635
 -0.50185818] Score = 2760[-0.32314947 -0.16427496 -0.09488822  0.04909354 -0.09504439  0.85411972
 -0.15729335] Score = 1191[-0.51751329 -0.86722907 -0.67702461 -0.00536438  0.82259598  0.64765635
 -0.50185818] Score = 4755[-0.51751329 -0.86722907 -0.67702461 -0.00536438  0.82259598  0.64765635
  0.47362896] Score = 2760[-0.51751329 -0.86722907 -0.67702461 -0.00536438  0.82259598  0.64765635
  0.3661216 ] Score = 8568[-0.89405426 -0.70441278 -0.63676004  0.14491443  0.69129984  0.54752711
 -0.52672163] Score = 7940[-0.51751329 -0.86722907 -0.67702461 -0.00536438  0.82259598  0.64765635
  0.3661216 ] Score = 10121[-0.51751329 -0.86722907 -0.67702461 -0.00536438  0.82259598  0.64765635
  0.47362896] Score = 10005[-0.51751329 -0.18862219 -0.05782365 -0.29295129  0.82259598  0.64765635
  0.3661216 ] Score = 10121[-0.51751329 -0.86722907 -0.67702461 -0.00536438  0.82259598  0.64765635
  0.47362896] Score = 10118[-0.51751329 -0.86722907 -0.67702461 -0.00536438  0.82259598  0.64765635
  0.47362896] Score = 10118[-0.51751329 -0.86722907 -0.67702461 -0.00536438  0.82259598  0.64765635
  0.47362896] Score = 10091[-0.51751329 -0.86722907 -0.67702461 -0.00536438  0.82259598  0.64765635
  0.47362896] Score = 10036[-0.51751329 -0.86722907 -0.67702461 -0.00536438  0.82259598  0.64765635
  0.47362896] Score = 10030[-0.51751329 -0.86722907 -0.67702461 -0.00536438  0.82259598  0.64765635
  0.47362896] Score = 10092[-0.51751329 -0.86722907 -0.67702461 -0.00536438  0.82259598  0.64765635
  0.47362896] Score = 10043[-0.51751329 -0.86722907 -0.67702461 -0.00536438  0.82259598  0.64765635
  0.47362896] Score = 10103[-0.51751329 -0.86722907 -0.67702461  0.47304555  0.82259598  0.77693459
  0.27617642] Score = 10092[-0.51751329 -0.4954584  -0.67702461  0.2779008   0.14169619  0.64765635
  0.44907292] Score = 10103[-0.51751329 -0.86722907 -0.67702461 -0.00536438  0.82259598  0.64765635
  0.47362896] Score = 10099[-0.51751329 -0.86722907 -0.67702461 -0.00536438  0.82259598  0.64765635
 -0.50185818] Score = 2760[-0.32314947 -0.16427496 -0.09488822  0.04909354 -0.09504439  0.85411972
 -0.15729335] Score = 1191[-0.51751329 -0.86722907 -0.67702461 -0.00536438 -0.19530272  0.64765635
 -0.89698298] Score = 2760[-0.51751329 -0.86722907 -0.67702461 -0.00536438  0.82259598 -0.04616859
 -0.50185818] Score = 2760[-0.51751329 -0.86722907 -0.67702461 -0.00536438  0.82259598  0.64765635
 -0.50185818] Score = 5445[-0.51751329 -0.41924465 -0.67702461 -0.00536438 -0.19530272  0.64765635
 -0.89698298] Score = 2760[-0.51751329 -0.86722907 -0.67702461 -0.00536438  0.82259598 -0.04616859
 -0.50185818] Score = 10032[ 0.8925229   0.9164881  -0.67702461 -0.00536438  0.82259598  0.61748409
 -0.50185818] Score = 5445[-0.51751329 -0.86722907 -0.67702461 -0.00536438  0.82259598 -0.04616859
 -0.50185818] Score = 10032[-0.51751329 -0.86722907 -0.67702461 -0.00536438  0.82259598  0.64765635
 -0.50185818] Score = 5759[-0.51751329 -0.86722907 -0.39453465 -0.00536438  0.82259598 -0.04616859
  0.81147823] Score = 10032[-0.51751329 -0.86722907 -0.67702461 -0.20747348  0.82259598  0.04527853
 -0.00519976] Score = 10026[-0.51751329 -0.86722907 -0.67702461 -0.00536438  0.82259598 -0.04616859
 -0.50185818] Score = 10029[-0.51751329 -0.86722907 -0.39453465 -0.00536438  0.82259598 -0.04616859
  0.81147823] Score = 10024[-0.59270118  0.58142331 -0.5520563  -0.59659462  0.5993526   0.01043921
  0.80963018] Score = 10024[-0.51751329 -0.86722907 -0.67702461 -0.20747348  0.82259598  0.04527853
 -0.00519976] Score = 10001[-0.59270118  0.58142331 -0.5520563  -0.59659462  0.5993526   0.01043921
  0.80963018] Score = 10023[-0.51751329 -0.86722907 -0.67702461 -0.00536438  0.82259598  0.64765635
 -0.50185818] Score = 10018[-0.59270118  0.58142331 -0.5520563  -0.59659462  0.5993526   0.01043921
  0.80963018] Score = 10038[-0.59270118 -0.36210706 -0.5520563  -0.59659462  0.5993526   0.01043921
  0.80963018] Score = 10032[-0.51751329 -0.86722907 -0.67702461 -0.00536438  0.82259598  0.64765635
 -0.50185818] Score = 2760[-0.32314947 -0.16427496 -0.09488822  0.04909354 -0.09504439  0.85411972
 -0.15729335] Score = 1191[-0.51751329  0.40203627 -0.0027914  -0.00536438  0.82259598  0.64765635
 -0.50185818] Score = 2760[ 0.63108923 -0.86722907 -0.67702461 -0.44156713  0.82259598  0.64765635
 -0.50185818] Score = 2760[-0.51751329 -0.86722907 -0.67702461 -0.00536438  0.82259598  0.64765635
 -0.50185818] Score = 4723[-0.4819399  -0.86722907 -0.67702461 -0.00536438  0.82259598  0.44175651
 -0.50185818] Score = 4215[-0.51751329 -0.00514972 -0.67702461 -0.00536438  0.3490378   0.64765635
 -0.50185818] Score = 10024[-0.51751329  0.40203627 -0.0027914  -0.00536438  0.82259598  0.64765635
 -0.50185818] Score = 6269[-0.51751329 -0.00514972 -0.67702461 -0.00536438  0.3490378   0.64765635
 -0.50185818] Score = 5794[-0.51751329  0.40203627 -0.0027914  -0.00536438  0.82259598  0.64765635
 -0.50185818] Score = 4492[-0.51751329 -0.86722907 -0.67702461 -0.00536438  0.82259598  0.64765635
 -0.50185818] Score = 7303[-0.51751329  0.40203627 -0.0027914  -0.00536438  0.82259598  0.64765635
 -0.50185818] Score = 6569[-0.4819399  -0.86722907 -0.67702461 -0.00536438  0.82259598  0.44175651
 -0.10216683] Score = 10117[-0.4819399   0.72554429 -0.67702461 -0.00536438  0.06855814  0.44175651
 -0.50185818] Score = 7372[-0.4819399  -0.86722907 -0.67702461  0.88928992 -0.81769571 -0.95930859
 -0.10216683] Score = 10117[-0.4819399   0.72554429 -0.67702461 -0.00536438  0.06855814  0.44175651
 -0.50185818] Score = 7527[-0.4819399  -0.86722907 -0.67702461 -0.00536438  0.82259598  0.44175651
 -0.10216683] Score = 10104[-0.51751329 -0.00514972 -0.67702461 -0.00536438  0.3490378   0.64765635
 -0.50185818] Score = 7571[ 0.08595956 -0.20754308 -0.67702461 -0.00536438  0.81874894 -0.55433432
 -0.40802126] Score = 10104[-0.51112236 -0.16002649 -0.67702461 -0.00536438  0.81847184 -0.5194767
  0.54487864] Score = 6723[-0.51751329 -0.86722907 -0.67702461 -0.00536438  0.82259598  0.64765635
 -0.50185818] Score = 2760[-0.32314947 -0.16427496 -0.09488822  0.04909354 -0.09504439  0.85411972
 -0.15729335] Score = 1191[-0.51751329 -0.86722907 -0.67702461 -0.00536438  0.82259598  0.64765635
 -0.50185818] Score = 4538[-0.51751329 -0.86722907 -0.67702461  0.13598058  0.82259598  0.64765635
 -0.50185818] Score = 2760[-0.51751329 -0.86722907 -0.67702461  0.13598058  0.82259598  0.64765635
 -0.50185818] Score = 5242[ 0.54639421 -0.86722907  0.12622351 -0.00536438  0.82259598  0.64765635
 -0.84258593] Score = 4538[-0.51751329 -0.86722907 -0.67702461  0.13598058  0.82259598  0.64765635
 -0.50185818] Score = 6428[-0.51751329 -0.86722907 -0.67702461  0.13598058  0.76445483  0.64765635
 -0.50185818] Score = 6047[-0.08223807 -0.86722907 -0.34839265  0.08259025  0.82259598  0.64765635
  0.23023925] Score = 9582[-0.51751329 -0.86722907 -0.67702461  0.13598058  0.82259598  0.64765635
 -0.50185818] Score = 7850[-0.08223807 -0.86722907 -0.34839265  0.08259025  0.82259598  0.64765635
  0.23023925] Score = 10179[ 0.28328296 -0.12577443 -0.66923461  0.134715    0.80677562  0.64765635
 -0.4845043 ] Score = 6428[-0.08223807 -0.86722907 -0.34839265  0.08259025  0.82259598  0.64765635
  0.23023925] Score = 10028[-0.51751329 -0.86722907 -0.67702461 -0.00536438  0.82259598  0.64765635
 -0.50185818] Score = 9389[-0.51751329 -0.86722907 -0.67702461 -0.00536438  0.82259598  0.64765635
 -0.50185818] Score = 10060[-0.08223807 -0.86722907 -0.34839265  0.08259025  0.82259598  0.45153114
  0.23023925] Score = 10028[-0.08223807 -0.86722907 -0.34839265  0.08259025  0.82259598  0.45153114
  0.23023925] Score = 10070[-0.08223807 -0.86722907 -0.34839265  0.08259025  0.82259598  0.64765635
  0.23023925] Score = 10008[-0.39762133  0.24744894  0.35521773  0.12127478  0.78046919  0.21183814
 -0.30020968] Score = 10070[-0.08223807 -0.86722907 -0.34839265  0.08259025  0.82259598  0.45153114
  0.23023925] Score = 10017[-0.51751329 -0.86722907 -0.67702461 -0.00536438  0.82259598  0.64765635
 -0.50185818] Score = 2760[-0.32314947 -0.16427496 -0.09488822  0.04909354 -0.09504439  0.85411972
 -0.15729335] Score = 1191[-0.75082038 -0.61080346 -0.2892495  -0.18926753  0.12987453 -0.08310214
 -0.0685038 ] Score = 2760[-0.88685596 -0.86722907  0.52941886  0.53861     0.82259598  0.64765635
 -0.41038261] Score = 2760[-0.51751329 -0.86722907 -0.67702461 -0.00536438  0.82259598  0.64765635
 -0.50185818] Score = 3928[-0.73002193  0.71064903 -0.28681438 -0.66930157 -0.44981546 -0.32271175
 -0.7428137 ] Score = 2975[-0.51751329 -0.86722907 -0.67702461 -0.00536438  0.82259598  0.64765635
 -0.50185818] Score = 5434[-0.50258858 -0.81325098 -0.56397671 -0.00118269  0.1776424   0.66351015
 -0.47539991] Score = 3928[-5.01223282e-01 -8.08313120e-01 -5.53635201e-01 -8.00152959e-04
  7.45686760e-01  6.64960444e-01  3.25516237e-01] Score = 7331[-0.50258858 -0.81325098 -0.56397671 -0.00118269  0.1776424   0.66351015
 -0.47539991] Score = 6471[-0.51751329 -0.86722907 -0.67702461 -0.00536438  0.82259598  0.64765635
 -0.50185818] Score = 6548[-0.73236959 -0.81325098 -0.56397671 -0.00118269  0.1776424   0.66351015
 -0.60967427] Score = 6471[-0.51751329 -0.86722907 -0.67702461 -0.00536438  0.82259598  0.64765635
 -0.50185818] Score = 8186[-5.01223282e-01 -8.08313120e-01 -5.53635201e-01 -8.00152959e-04
  7.45686760e-01  6.64960444e-01  3.25516237e-01] Score = 7686[-5.01223282e-01 -8.08313120e-01 -5.53635201e-01 -8.00152959e-04
  7.45686760e-01  6.64960444e-01  3.25516237e-01] Score = 10002[-0.50454092 -0.82031198 -0.57876477 -0.00172971  0.76135014  0.66143628
  0.15701262] Score = 9559[-5.01223282e-01 -8.08313120e-01 -5.53635201e-01 -8.00152959e-04
  7.45686760e-01 -1.17295129e-01  3.25516237e-01] Score = 10007[-0.51287497 -0.85045368 -0.64189142 -0.00406479  0.80069729  0.65258342
 -0.26627636] Score = 10004[-0.50448398 -0.82010606 -0.82841205 -0.00171375  0.75734549  0.66149676
  0.13856944] Score = 10011[-0.51088273 -0.84324837  0.21029971 -0.00350659  0.79040445  0.65469968
 -0.17015545] Score = 10004[-0.51751329 -0.86722907 -0.67702461 -0.00536438  0.82259598  0.64765635
 -0.50185818] Score = 2760[-0.32314947 -0.16427496 -0.09488822  0.04909354 -0.09504439  0.85411972
 -0.15729335] Score = 1191[-0.51751329 -0.86722907 -0.67702461 -0.00536438  0.82259598  0.64765635
 -0.50185818] Score = 5698[-0.51751329 -0.86722907 -0.67702461 -0.00536438  0.82259598  0.64765635
 -0.50185818] Score = 2760[-0.51751329 -0.48669644 -0.67702461 -0.00536438  0.82259598  0.64765635
  0.73364225] Score = 10026[-0.51751329 -0.86722907 -0.67702461 -0.79741795  0.82259598  0.64765635
 -0.50185818] Score = 5698[-0.51751329 -0.48669644  0.96243396 -0.00536438  0.82259598 -0.16031118
  0.73364225] Score = 10026[-0.51751329 -0.48669644 -0.67702461  0.34670033  0.82259598  0.64765635
  0.73364225] Score = 10026[-0.51751329 -0.48669644 -0.67702461 -0.00536438  0.82259598  0.64765635
  0.73364225] Score = 10037[-0.51751329 -0.49054321  0.95945239 -0.00536438  0.82259598  0.07942047
  0.72241839] Score = 10026[-0.51751329 -0.86722907 -0.67702461 -0.00536438  0.82259598  0.64765635
 -0.50185818] Score = 10322[-0.72000355 -0.29435281 -0.67702461 -0.00536438  0.82259598 -0.04331849
  0.46477465] Score = 10025[-0.51751329 -0.48669644 -0.67702461  0.34670033  0.82259598  0.64765635
  0.73364225] Score = 10031[-0.51751329 -0.48669644 -0.72867218 -0.00536438  0.82259598 -0.16031118
  0.73364225] Score = 10020[-0.51751329 -0.48669644 -0.72867218 -0.00536438  0.82259598 -0.16031118
  0.73364225] Score = 10091[-0.72000355 -0.29435281 -0.67702461 -0.00536438  0.82259598 -0.04331849
  0.46477465] Score = 10023[-0.51751329 -0.86722907 -0.67702461 -0.19426384  0.82259598  0.64765635
  0.5928155 ] Score = 10038[-0.51751329 -0.48669644 -0.72867218 -0.00536438  0.82259598 -0.16031118
  0.73364225] Score = 10023[-0.51751329 -0.86722907 -0.67702461 -0.19426384  0.82259598  0.64765635
  0.5928155 ] Score = 10107[-0.51751329 -0.86805695 -0.67702461 -0.00536438  0.82259598  0.64765635
  0.05455086] Score = 10039[-0.51751329 -0.86722907 -0.67702461 -0.00536438  0.82259598  0.64765635
 -0.50185818] Score = 2760[-0.32314947 -0.16427496 -0.09488822  0.04909354 -0.09504439  0.85411972
 -0.15729335] Score = 1191[-0.51751329 -0.97627659 -0.65263478  0.0494816   0.82259598  0.64765635
 -0.50185818] Score = 2760[-0.51751329 -0.86722907 -0.67702461 -0.00536438  0.82259598  0.64765635
 -0.50185818] Score = 1449[-0.93525984 -0.08717887  0.01805776  0.36898    -0.41775208 -0.66079868
  0.69921372] Score = 2760[-0.51751329 -0.97627659 -0.65263478 -0.46411328  0.46414816  0.64765635
 -0.72440372] Score = 2760[-0.51751329 -0.86722907 -0.67702461 -0.00536438  0.82259598  0.64765635
 -0.50185818] Score = 5651[-0.51751329 -0.97627659 -0.65263478  0.0494816   0.82259598  0.64765635
 -0.50185818] Score = 4764[-0.51751329 -0.86722907 -0.67702461 -0.00536438  0.54749861  0.64765635
 -0.50185818] Score = 5651[ 0.31111642 -0.97627659 -0.42109831 -0.24333496  0.61823363  0.64765635
 -0.62873838] Score = 4764[-0.51751329 -0.86722907 -0.67702461 -0.00536438  0.54749861 -0.93802586
 -0.50185818] Score = 5651[-0.51751329 -0.97627659 -0.65263478  0.0494816   0.82259598  0.64765635
 -0.50185818] Score = 5162[-0.51751329 -0.86722907 -0.67702461 -0.00536438  0.54749861 -0.93802586
 -0.50185818] Score = 8332[-0.51751329 -0.97627659 -0.65263478 -0.46411328  0.46414816  0.64765635
 -0.72440372] Score = 7309[-0.51751329 -0.86722907  0.81436517 -0.00536438  0.54749861 -0.63407961
  0.90289285] Score = 8332[-0.42732689 -0.92491555  0.1242466   0.01761203  0.80035359  0.64765635
  0.41562616] Score = 8102[-0.42732689 -0.92491555  0.1242466   0.01761203  0.80035359  0.64765635
  0.41562616] Score = 7934[-0.51751329 -0.86722907 -0.67702461 -0.00536438  0.54749861 -0.50429941
 -0.86867089] Score = 6850[-0.42732689 -0.92491555  0.1242466   0.01761203  0.80035359  0.72611138
  0.41562616] Score = 7934[-0.42732689 -0.92491555  0.1242466   0.01761203  0.60666968  0.64765635
  0.41562616] Score = 7934[-0.51751329 -0.86722907 -0.67702461 -0.00536438  0.82259598  0.64765635
 -0.50185818] Score = 2760[-0.32314947 -0.16427496 -0.09488822  0.04909354 -0.09504439  0.85411972
 -0.15729335] Score = 1191[-0.99016126 -0.86722907 -0.67702461 -0.00536438  0.82259598  0.64765635
 -0.50185818] Score = 2760[-0.51751329 -0.86722907 -0.67702461 -0.00536438  0.82259598  0.64765635
 -0.50185818] Score = 2760[-0.51751329 -0.86722907 -0.67702461 -0.00536438  0.82259598  0.64765635
 -0.50185818] Score = 10028[-0.99016126 -0.86722907 -0.67702461 -0.00536438  0.82259598  0.64765635
 -0.50185818] Score = 4236[-0.51751329 -0.86722907 -0.67702461 -0.00536438  0.82259598  0.64765635
 -0.50185818] Score = 6742[-0.99016126 -0.86722907 -0.67702461 -0.00536438  0.82259598  0.64765635
 -0.50185818] Score = 5345[-0.99016126 -0.98180914 -0.67702461  0.64800135 -0.86777201  0.43883574
 -0.50185818] Score = 4576[ 0.58938767  0.22282527 -0.67702461 -0.00536438  0.82259598  0.64765635
 -0.50185818] Score = 4576[-0.99016126 -0.86722907 -0.67702461 -0.00536438  0.82259598  0.64765635
 -0.50185818] Score = 6590[-0.51751329 -0.86722907 -0.67702461 -0.00536438  0.82259598  0.64765635
 -0.50185818] Score = 6392[-0.51751329 -0.86722907 -0.67702461 -0.00536438  0.82259598  0.64765635
 -0.50185818] Score = 10130[-0.14646812 -0.86722907 -0.67702461 -0.00536438  0.88590107  0.64765635
  0.64320682] Score = 6392[-0.14646812 -0.86722907 -0.67702461 -0.00536438  0.88590107  0.64765635
  0.64320682] Score = 10040[-0.99016126 -0.86722907 -0.67702461 -0.00536438  0.82259598  0.64765635
 -0.50185818] Score = 9541[-0.14646812 -0.86722907 -0.67702461 -0.00536438  0.88590107  0.64765635
  0.64320682] Score = 10040[-0.14646812 -0.86722907 -0.67702461 -0.00536438  0.88590107  0.64765635
  0.64320682] Score = 10030[-0.42984948 -0.86722907 -0.82003526 -0.00536438  0.60038738 -0.44585555
 -0.23132303] Score = 10111[ 0.92096218 -0.86722907 -0.67702461  0.32347636  0.88590107  0.64765635
  0.64320682] Score = 10040[-0.51751329 -0.86722907 -0.67702461 -0.00536438  0.82259598  0.64765635
 -0.50185818] Score = 2760[-0.32314947 -0.16427496 -0.09488822  0.04909354 -0.09504439  0.85411972
 -0.15729335] Score = 1191[-0.51751329 -0.86722907 -0.67702461 -0.00536438  0.82259598  0.64765635
 -0.50185818] Score = 3528[-0.51751329  0.44660457 -0.67702461 -0.00536438  0.82259598  0.64765635
 -0.50185818] Score = 2760[-0.51751329 -0.86722907 -0.67702461 -0.00536438  0.82259598  0.64765635
 -0.50185818] Score = 3628[-0.51751329 -0.86722907 -0.67702461 -0.00536438  0.88748009  0.28138371
 -0.50185818] Score = 3528[-0.51751329  0.44660457 -0.67702461 -0.00536438  0.82259598  0.64765635
 -0.50185818] Score = 7517[-0.51751329 -0.86722907 -0.67702461 -0.00536438  0.88748009  0.28138371
 -0.50185818] Score = 4829[-0.51751329  0.44660457 -0.67702461 -0.00536438  0.82259598  0.42472587
 -0.29039401] Score = 10037[-0.51751329 -0.86722907 -0.67702461 -0.00536438  0.88748009  0.28138371
 -0.50185818] Score = 10020[-0.51751329  0.44660457 -0.67702461 -0.00536438  0.82259598  0.42472587
 -0.29039401] Score = 10038[-0.51751329 -0.55159475  0.66403375 -0.00536438  0.87189239  0.36937675
 -0.50185818] Score = 10020[-0.51751329  0.44660457 -0.67702461 -0.00536438  0.82259598  0.64765635
 -0.50185818] Score = 10039[ 0.53572312 -0.62856409 -0.61413005 -0.00533383  0.87516195  0.34813043
 -0.50166493] Score = 10020[-0.13901883  0.28624339 -0.65442262 -0.0053534   0.86637653  0.39951144
 -0.50178874] Score = 10020[-0.51751329  0.44660457 -0.67702461 -0.00536438  0.82259598  0.42472587
 -0.50185818] Score = 8721[-0.51751329  0.79940189 -0.67702461 -0.00536438  0.86144838  0.42833346
 -0.50185818] Score = 10031[-0.51751329  0.46830272  0.71635772 -0.77534693  0.82498553  0.42494775
 -0.50185818] Score = 8721[-0.47695653  0.3191359  -0.55555361  0.00599904  0.63111732  0.69073785
 -0.42995985] Score = 10001[-0.51751329  0.45262372 -0.29049472 -0.21896065  0.82325885  0.58587608
 -0.50185818] Score = 8721[-0.51751329 -0.86722907 -0.67702461 -0.00536438  0.82259598  0.64765635
 -0.50185818] Score = 2760[-0.32314947 -0.16427496 -0.09488822  0.04909354 -0.09504439  0.85411972
 -0.15729335] Score = 1191[-0.58835143 -0.78937155 -0.55928595  0.05782642  0.61226763  0.42577896
  0.15229265] Score = 2760[ 0.57022339 -0.65357176 -0.50008888  0.01118767  0.54368649  0.71040925
 -0.39713044] Score = 2760[-0.51751329 -0.86722907 -0.67702461 -0.00536438  0.82259598  0.64765635
 -0.50185818] Score = 3569[-0.4116484  -0.24181769 -0.48182837  0.05322898  0.49578288  0.51309258
  0.06547353] Score = 2760[-0.4116484  -0.24181769 -0.48182837  0.05322898  0.49578288  0.51309258
  0.06547353] Score = 10038[-0.51751329 -0.86722907 -0.67702461 -0.00536438  0.82259598  0.64765635
 -0.50185818] Score = 6089[ 0.68720603 -0.24181769  0.34847267  0.05322898  0.49578288  0.51309258
  0.06547353] Score = 10038[-0.58835143 -0.78937155 -0.55928595  0.05782642  0.61226763  0.42577896
  0.15229265] Score = 10016[-0.44075057 -0.78937155 -0.55928595  0.05782642  0.61226763  0.7773011
  0.15229265] Score = 10016[-0.4116484  -0.24181769 -0.48182837  0.05322898  0.49578288  0.51309258
  0.06547353] Score = 10004[ 0.48114554 -0.77273994 -0.5852973   0.0806087   0.44961492  0.66279665
  0.16307152] Score = 10016[-0.44075057 -0.78937155 -0.55928595  0.05782642  0.61226763  0.7773011
  0.15229265] Score = 10007[-0.4116484  -0.24181769 -0.48182837  0.05322898  0.49578288  0.51309258
  0.06547353] Score = 10039[-0.44075057 -0.78937155 -0.55928595  0.05782642  0.61226763  0.7773011
  0.15229265] Score = 10025[-0.58835143 -0.78937155 -0.55928595  0.05782642  0.61226763  0.42577896
  0.15229265] Score = 10040[ 0.33501745 -0.78937155 -0.55928595  0.05782642  0.61226763  0.7773011
  0.15229265] Score = 10025[-0.51751329 -0.86722907 -0.67702461 -0.00536438  0.58646091  0.64765635
 -0.50185818] Score = 10001[-0.4116484  -0.24181769 -0.48182837  0.05322898  0.49578288  0.51309258
  0.06547353] Score = 8102[-0.51751329 -0.86722907 -0.67702461 -0.00536438  0.82259598  0.64765635
 -0.50185818] Score = 2760[-0.32314947 -0.16427496 -0.09488822  0.04909354 -0.09504439  0.85411972
 -0.15729335] Score = 1191[-0.51751329 -0.86722907 -0.67702461 -0.00536438  0.82259598  0.04780356
  0.74465857] Score = 2760[-0.51751329 -0.88068814 -0.67702461 -0.00536438  0.82259598  0.64765635
 -0.50185818] Score = 2760[-0.51751329 -0.86722907 -0.67702461 -0.00536438  0.82259598  0.04780356
  0.74465857] Score = 10021[-0.51751329 -0.88068814 -0.67702461 -0.00536438  0.82259598  0.64765635
 -0.50185818] Score = 7403[-0.51751329 -0.88068814 -0.67702461 -0.00536438  0.82259598  0.64765635
  0.62495518] Score = 10031[-0.51751329 -0.87847803 -0.67702461 -0.00536438  0.82259598 -0.07449828
 -0.29716749] Score = 10021[-0.51751329 -0.88068814 -0.67702461  0.05773731 -0.8896984  -0.42017778
  0.62495518] Score = 10031[-0.51751329 -0.88068814 -0.67702461 -0.00536438  0.82259598  0.64765635
  0.62495518] Score = 10027[-0.51751329 -0.88068814 -0.67702461 -0.00536438  0.82259598  0.64765635
  0.62495518] Score = 10034[-0.51751329 -0.88068814 -0.67702461 -0.00536438  0.82259598  0.64765635
 -0.86453648] Score = 10027[-0.51751329 -0.87893467 -0.67702461 -0.00536438 -0.14310782  0.56950623
  0.64055039] Score = 10034[-0.51751329 -0.86930173 -0.67702461 -0.00536438 -0.91573528  0.14017929
 -0.97263873] Score = 10022[-0.51751329 -0.88068814 -0.67702461 -0.00536438  0.82259598  0.64765635
  0.62495518] Score = 10024[-0.51751329 -0.73998651 -0.67702461 -0.00536438  0.90915286  0.39326476
 -0.69698281] Score = 10022[-0.23166152 -0.68812962 -0.53489469 -0.95004586  0.53644356 -0.19181477
  0.75155296] Score = 10030[-4.87223998e-01 -7.05190179e-01 -5.81654445e-01  5.49511498e-01
  6.59062320e-01  6.72312299e-04  5.23106489e-01] Score = 10022[-0.51751329 -0.88068814 -0.67702461 -0.00536438  0.82259598 -0.05287182
  0.62495518] Score = 10035[-0.51751329 -0.86722907 -0.67702461 -0.00536438  0.82259598  0.04780356
  0.74465857] Score = 10026[-0.51751329 -0.86722907 -0.67702461 -0.00536438  0.82259598  0.64765635
 -0.50185818] Score = 2760[-0.32314947 -0.16427496 -0.09488822  0.04909354 -0.09504439  0.85411972
 -0.15729335] Score = 1191[-0.51751329 -0.86722907 -0.67702461 -0.00536438  0.82259598  0.64765635
 -0.50185818] Score = 4797[-0.51751329 -0.86722907 -0.67702461 -0.00536438  0.82259598  0.64765635
  0.52162521] Score = 2760[-0.51751329 -0.86722907 -0.67702461 -0.00536438  0.82259598  0.64765635
  0.52162521] Score = 10033[-6.79101672e-01 -8.01632539e-01 -5.75143284e-01 -2.82607714e-04
  7.36965890e-01  4.59591873e-01 -4.69704937e-01] Score = 4797[-0.51751329 -0.86722907 -0.67702461 -0.00536438  0.82259598  0.64765635
  0.55901762] Score = 10033[-0.65545648 -0.12077566 -0.67702461 -0.26925589  0.82259598  0.64765635
 -0.17819991] Score = 10033[-0.51751329 -0.86722907 -0.67702461 -0.00536438  0.82259598  0.64765635
  0.55901762] Score = 10041[-0.51751329 -0.86722907  0.15704716 -0.00536438  0.82259598  0.64765635
  0.55901762] Score = 10033[-0.65545648  0.46415734  0.31027736 -0.26925589 -0.00202942  0.64765635
 -0.17819991] Score = 10033[-0.51751329 -0.86722907  0.15704716 -0.00536438  0.82259598 -0.12568992
  0.55901762] Score = 10033[ 0.01630193 -0.86722907 -0.59065584 -0.00536438  0.82259598 -0.12568992
  0.55901762] Score = 10033[-0.51751329 -0.86722907 -0.67702461 -0.00536438  0.82259598  0.64765635
  0.55901762] Score = 10018[-0.51751329 -0.86722907 -0.67702461 -0.00536438  0.82259598  0.64765635
  0.52162521] Score = 10039[-0.65545648 -0.12077566 -0.67702461 -0.26925589  0.82259598  0.64765635
 -0.17819991] Score = 10027[-0.65545648 -0.12077566 -0.67702461 -0.26925589  0.82259598  0.64765635
 -0.17819991] Score = 10027[-0.51751329 -0.86722907 -0.67702461 -0.00536438  0.82259598  0.64765635
  0.52162521] Score = 10026[-0.51751329 -0.86722907 -0.67702461 -0.00536438  0.82259598  0.64765635
  0.55901762] Score = 10040[-0.51751329 -0.86722907 -0.67702461 -0.00536438  0.82259598  0.64765635
  0.52162521] Score = 10039[-0.51751329 -0.86722907 -0.67702461 -0.00536438  0.82259598  0.64765635
 -0.50185818] Score = 2760[-0.32314947 -0.16427496 -0.09488822  0.04909354 -0.09504439  0.85411972
 -0.15729335] Score = 1191[-0.51751329 -0.86722907 -0.67702461 -0.00536438  0.82259598  0.64765635
 -0.50185818] Score = 5066[-0.51751329 -0.86722907 -0.61000716 -0.00536438 -0.5927671   0.64765635
 -0.50185818] Score = 2760[-0.52900416 -0.86722907 -0.67702461 -0.00536438  0.82259598 -0.2467433
 -0.1224508 ] Score = 10132[-0.51751329 -0.86722907 -0.67702461 -0.00536438  0.82259598  0.64765635
 -0.50185818] Score = 5092[-0.51751329 -0.86722907 -0.67702461 -0.00536438  0.82259598  0.64765635
 -0.50185818] Score = 7080[-0.51751329 -0.86722907 -0.67702461 -0.00536438  0.82259598  0.64765635
 -0.50185818] Score = 5850[-0.51751329 -0.86722907 -0.67702461 -0.00536438  0.16382832  0.64765635
 -0.50185818] Score = 5850[-0.56451244 -0.01876017  0.68840578 -0.03337173  0.82259598  0.64765635
 -0.42654821] Score = 5066[-0.51751329 -0.86722907  0.39760645 -0.00536438  0.82259598  0.64765635
 -0.50185818] Score = 5356[-0.51751329 -0.86722907 -0.94853591 -0.00536438  0.82259598  0.64765635
 -0.50185818] Score = 5233[-0.51751329 -0.86722907 -0.94853591 -0.00536438  0.82259598  0.64765635
 -0.50185818] Score = 10005[-0.52900416 -0.86722907 -0.67702461 -0.00536438  0.82259598 -0.2467433
 -0.1224508 ] Score = 7879[-0.51751329 -0.86722907 -0.94853591 -0.00536438  0.82259598  0.28938867
 -0.50185818] Score = 10005[-0.51751329 -0.86722907 -0.94853591 -0.00536438  0.82259598  0.64765635
 -0.50185818] Score = 10005[-0.51751329 -0.86722907 -0.94853591 -0.00536438 -0.52412039 -0.67640952
 -0.50185818] Score = 10005[-0.51751329 -0.86722907 -0.94853591 -0.00536438  0.82259598  0.28938867
 -0.50185818] Score = 8486[-0.51751329  0.73939038  0.59265635 -0.00536438 -0.47672387 -0.35001289
 -0.50185818] Score = 10005[-0.46457344 -0.85000384  0.47549589 -0.04605813  0.82259598  0.65381073
  0.4711208 ] Score = 8859[-0.51751329 -0.86722907 -0.67702461 -0.00536438  0.82259598  0.64765635
 -0.50185818] Score = 2760[-0.32314947 -0.16427496 -0.09488822  0.04909354 -0.09504439  0.85411972
 -0.15729335] Score = 1191[-0.51751329 -0.86722907 -0.67702461 -0.00536438  0.82259598  0.64765635
 -0.50185818] Score = 6688[-0.51751329 -0.86722907 -0.67702461 -0.00536438  0.82259598  0.64765635
 -0.50185818] Score = 2760[-0.46905804 -0.35022418 -0.45934393 -0.14811279  0.51014929  0.26886246
 -0.25929534] Score = 6688[-0.9573556  -0.84255813 -0.52243747 -0.10673795 -0.9046575   0.37865378
 -0.32960084] Score = 6688[-0.46905804 -0.35022418 -0.45934393 -0.14811279  0.51014929  0.26886246
 -0.25929534] Score = 8386[ 0.92091876 -0.86055815 -0.63522488 -0.03277538  0.35555369  0.57491915
 -0.4552805 ] Score = 6688[-0.47796776 -0.83527137 -0.47677896  0.03804325  0.53517457  0.29920178
 -0.2787233 ] Score = 10102[-0.46905804 -0.35022418 -0.45934393 -0.14811279  0.51014929  0.26886246
 -0.25929534] Score = 9862[-0.12485372 -0.82916088  0.14606723  0.0405391   0.52727624  0.2278307
 -0.28381353] Score = 10102[-0.47171158 -0.37853676 -0.47126471  0.11391567  0.52725971  0.28960623
 -0.10216919] Score = 10037[-0.46905804 -0.35022418 -0.45934393 -0.14811279  0.51014929 -0.39062263
  0.58755439] Score = 11061[-0.41873756  0.81774548 -0.37698242  0.1027092   0.52726224  0.28017154
 -0.1299109 ] Score = 10102[-0.46905804 -0.35022418 -0.45934393 -0.14811279  0.51014929  0.26886246
 -0.25929534] Score = 10035[-0.45292746 -0.82842295  0.41331782  0.04084051  0.69137261  0.21921166
 -0.28442825] Score = 8182[-0.47796776 -0.83527137 -0.47677896  0.03804325  0.53517457  0.29920178
 -0.2787233 ] Score = 8834[-0.51675127 -0.69045099 -0.673166   -0.00452794  0.81705754  0.64094184
 -0.49755851] Score = 8591[-0.46905804 -0.35022418 -0.45934393 -0.14811279  0.51014929 -0.39062263
  0.58755439] Score = 9330[-0.43357679 -0.83498814 -0.42556093  0.03815894  0.53551004  0.32135504
 -0.27895925] Score = 8834[-0.51751329 -0.86722907 -0.67702461 -0.00536438  0.82259598  0.64765635
 -0.50185818] Score = 2760[-0.32314947 -0.16427496 -0.09488822  0.04909354 -0.09504439  0.85411972
 -0.15729335] Score = 1191[-0.51751329 -0.86722907 -0.67702461 -0.00536438  0.82259598  0.64765635
 -0.50185818] Score = 3097[-0.51751329 -0.86722907  0.78542809  0.78055017  0.82259598  0.99873285
 -0.50185818] Score = 2760[-0.51751329 -0.86722907 -0.67702461  0.74783853  0.82259598  0.64765635
 -0.33315524] Score = 3069[-0.51751329 -0.78713211 -0.67702461  0.74783853  0.82259598  0.10554692
 -0.33315524] Score = 2760[-0.09567443 -0.91146137 -0.79066226 -0.87294877  0.99438147 -0.90234404
  0.48694417] Score = 10028[-0.51751329 -0.78713211 -0.67702461  0.74783853  0.82259598  0.10554692
 -0.33315524] Score = 5857[-0.09567443 -0.91146137 -0.79066226 -0.87294877  0.99438147 -0.90234404
  0.48694417] Score = 10037[-0.14361416 -0.07381716 -0.64402982 -0.67863092  0.764788   -0.53217419
  0.35117291] Score = 10028[-0.09567443 -0.65140589 -0.79066226 -0.87294877  0.99438147 -0.90234404
  0.48694417] Score = 10037[-0.14361416 -0.07381716 -0.64402982 -0.67863092  0.764788   -0.53217419
  0.35117291] Score = 10028[-0.14361416 -0.07381716 -0.64402982 -0.67863092  0.764788   -0.53217419
  0.35117291] Score = 10935[-0.14361416 -0.07381716 -0.64402982 -0.67863092  0.764788   -0.53217419
  0.35117291] Score = 10029[-0.14361416 -0.07381716 -0.64402982 -0.67863092  0.20895913 -0.53217419
  0.35117291] Score = 10029[-0.14361416 -0.07381716 -0.64402982 -0.67863092  0.764788   -0.78495464
  0.90717704] Score = 10029[-0.30128382 -0.37461519 -0.6579434  -0.07710252  0.78916507  0.03726047
  0.95928466] Score = 10038[-0.16434388 -0.68590309 -0.58062418 -0.59460554  0.66550901 -0.37210829
  0.29246377] Score = 10038[-0.14361416 -0.07381716 -0.64402982 -0.67863092  0.764788   -0.78495464
  0.90717704] Score = 10980[-0.14361416 -0.07381716 -0.64402982 -0.67863092  0.764788   -0.53217419
  0.35117291] Score = 10155[-0.51751329 -0.86722907 -0.67702461 -0.00536438  0.82259598  0.64765635
 -0.50185818] Score = 2760[-0.32314947 -0.16427496 -0.09488822  0.04909354 -0.09504439  0.85411972
 -0.15729335] Score = 1191[-0.51751329 -0.86722907 -0.67702461 -0.00536438  0.82259598  0.64765635
 -0.50185818] Score = 4582[ 0.51191305 -0.86722907  0.86636186 -0.00536438  0.82259598  0.64765635
 -0.50185818] Score = 2760[-0.51751329 -0.86722907 -0.67702461 -0.37801763 -0.10327725 -0.14133978
 -0.50185818] Score = 4582[-0.51751329 -0.86722907 -0.67702461 -0.00536438  0.82259598  0.64765635
 -0.50185818] Score = 4100[-0.361819   -0.30413076 -0.21070681 -0.25217412  0.60812708  0.22331644
  0.87419575] Score = 10017[-0.51751329 -0.86722907 -0.67702461 -0.00536438  0.82259598  0.64765635
 -0.50185818] Score = 7789[-0.361819   -0.30413076 -0.21070681 -0.25217412  0.60812708  0.22331644
  0.87419575] Score = 10116[-0.51751329 -0.86722907 -0.67702461 -0.00536438  0.82259598  0.64765635
 -0.50185818] Score = 10080[-0.65754959 -0.16696924 -0.09711943  0.0432897   0.59869498  0.84196746
 -0.13742199] Score = 10116[-0.48240135 -0.74023999 -0.57186132 -0.06102454  0.77422928  0.68495408
 -0.43961234] Score = 8345[-0.48387477 -0.74556891 -0.57627436 -0.05868884  0.8117938  -0.24404053
 -0.4422244 ] Score = 7907[-0.46215541 -0.66701666  0.01189478 -0.09311881  0.7463405   0.54535503
 -0.40372069] Score = 7629[-0.51751329 -0.86722907 -0.67702461 -0.00536438  0.82259598  0.64765635
  0.9963601 ] Score = 10024[-0.46215541 -0.66701666  0.01189478 -0.09311881  0.7232471   0.54535503
 -0.90153939] Score = 7629[-0.32314947 -0.16427496 -0.09488822 -0.31347385  0.55485979  0.85411972
 -0.15729335] Score = 10053[-0.46215541 -0.66701666  0.01189478 -0.2361532   0.7232471   0.54535503
 -0.90153939] Score = 7629[-0.32314947 -0.16427496 -0.09488822 -0.46098596  0.55485979 -0.87114724
 -0.15729335] Score = 10053[-0.37641822 -0.35693166 -0.25443274 -0.22903114  0.62823751  0.79753487
 -0.25172729] Score = 10032[-0.51751329 -0.86722907 -0.67702461 -0.00536438  0.82259598  0.64765635
 -0.50185818] Score = 2760[-0.32314947 -0.16427496 -0.09488822  0.04909354 -0.09504439  0.85411972
 -0.15729335] Score = 1191[-0.51751329 -0.86722907 -0.67702461 -0.00536438  0.82259598  0.64765635
 -0.50185818] Score = 4508[-0.48787522 -0.76003729 -0.58825604  0.00293978  0.68266721  0.67913945
 -0.44931632] Score = 2760[-0.51751329 -0.86722907 -0.67702461 -0.00536438  0.82259598  0.64765635
 -0.50185818] Score = 6610[-0.48787522 -0.76003729 -0.58825604  0.00293978  0.68266721  0.67913945
 -0.44931632] Score = 5477[-0.51751329  0.59476574 -0.67702461 -0.00536438  0.82259598  0.44788219
  0.14790678] Score = 10014[-0.51170396  0.32921213 -0.65962517 -0.00373669  0.82409164 -0.16705559
  0.03084566] Score = 7824[-0.51751329  0.59476574 -0.67702461 -0.00536438  0.82259598  0.44788219
  0.14790678] Score = 10009[-0.41243566 -0.16710078 -0.7120446   0.07006548  0.43598394 -0.17905964
  0.21330106] Score = 7824[-0.51751329  0.59476574 -0.67702461 -0.00536438  0.82259598  0.44788219
  0.14790678] Score = 10089[-0.51751329  0.4200617  -0.67702461 -0.00536438  0.82259598  0.61640296
 -0.65027833] Score = 10063[-0.51751329  0.59476574 -0.67702461 -0.00536438  0.53138463  0.29161075
  0.14790678] Score = 10052[-0.19552444 -0.61369103 -0.75921244  0.13647385  0.72631387 -0.18986108
  0.37747733] Score = 10037[-0.51751329  0.59476574 -0.67702461 -0.00536438  0.53138463  0.29161075
  0.14790678] Score = 10077[-0.19552444 -0.61369103 -0.75921244  0.13647385 -0.35313059 -0.18986108
  0.37747733] Score = 10037[-0.51751329  0.59476574 -0.67702461 -0.00536438  0.53138463  0.16971164
  0.14790678] Score = 10553[-0.51751329  0.59476574 -0.67702461 -0.00536438  0.82259598  0.44788219
  0.14790678] Score = 10228[-0.19589964 -0.57852775 -0.51471784  0.13631857  0.7257988  -0.22765899
  0.35962012] Score = 10040[-0.20101873 -0.77685811 -0.75785123  0.77411995  0.71877141 -0.85023236
  0.22605215] Score = 10037[-0.51751329 -0.86722907 -0.67702461 -0.00536438  0.82259598  0.64765635
 -0.50185818] Score = 2760[-0.32314947 -0.16427496 -0.09488822  0.04909354 -0.09504439  0.85411972
 -0.15729335] Score = 1191[-0.51751329  0.64562229 -0.67702461  0.75679017  0.82259598  0.64765635
 -0.4171265 ] Score = 2760[-0.51751329 -0.86722907 -0.67702461 -0.00536438  0.82259598  0.64765635
 -0.50185818] Score = 2760[-0.51751329 -0.86722907 -0.67702461 -0.00536438  0.82259598  0.64765635
 -0.50185818] Score = 3432[-0.51751329 -0.86722907 -0.67702461 -0.00536438  0.82259598  0.64765635
 -0.50185818] Score = 3394[-0.83391621 -0.33144712 -0.32760311  0.0361427   0.12318313  0.80501989
 -0.23923561] Score = 4709[-0.51751329 -0.86722907 -0.67702461 -0.00536438  0.82259598  0.64765635
 -0.50185818] Score = 4306[-0.83391621 -0.33144712 -0.32760311  0.0361427   0.12318313  0.80501989
 -0.23923561] Score = 6216[-0.51751329 -0.86722907 -0.67702461 -0.00536438  0.82259598  0.64765635
 -0.50185818] Score = 5139[-0.51751329 -0.86722907 -0.67702461 -0.00536438  0.82259598  0.64765635
 -0.50185818] Score = 7758[-0.51751329 -0.29302047 -0.67702461 -0.00536438  0.82259598  0.64765635
 -0.50185818] Score = 7314[-0.51751329 -0.86722907 -0.67702461 -0.00536438  0.82259598  0.64765635
 -0.50185818] Score = 10028[-0.51751329 -0.59074342 -0.92556978  0.13392544  0.82259598  0.64765635
 -0.48637279] Score = 10001[ 0.43126905 -0.68202135 -0.67702461  0.08794083  0.82259598  0.64765635
  0.03359603] Score = 10028[-0.51751329 -0.59074342 -0.92556978  0.13392544  0.82259598  0.64765635
 -0.48637279] Score = 10026[ 0.61486806 -0.68202135 -0.67702461  0.08794083  0.82259598  0.64765635
  0.03359603] Score = 10028[-0.45727449 -0.81086654 -0.67252477 -0.00099797  0.70522279  0.66421048
 -0.93518827] Score = 7057[ 0.61486806 -0.68202135 -0.67702461  0.08794083  0.82259598  0.64765635
  0.03359603] Score = 10028[-0.51751329 -0.59074342 -0.92556978  0.13392544  0.82259598  0.64765635
 -0.48637279] Score = 9469[-0.51751329 -0.86722907 -0.67702461 -0.00536438  0.82259598  0.64765635
 -0.50185818] Score = 2760[-0.32314947 -0.16427496 -0.09488822  0.04909354 -0.09504439  0.85411972
 -0.15729335] Score = 1191[-0.51751329 -0.86722907 -0.67702461 -0.00536438  0.82259598  0.64765635
 -0.50185818] Score = 3620[-0.51751329  0.54841554 -0.67702461 -0.00536438  0.82259598  0.64765635
 -0.50185818] Score = 2760[-0.51751329  0.54841554 -0.67702461 -0.00536438  0.82259598  0.64765635
 -0.50185818] Score = 5698[-0.51751329 -0.86722907 -0.67702461 -0.00536438  0.82259598  0.64765635
 -0.50185818] Score = 4382[-0.51751329  0.54841554 -0.67702461 -0.00536438 -0.1629774   0.64765635
 -0.51619163] Score = 5698[-0.51751329 -0.86722907 -0.67702461 -0.00536438  0.82259598  0.64765635
 -0.50185818] Score = 5496[-0.73002193  0.71064903 -0.28681438 -0.66930157  0.03899767 -0.32271175
 -0.4873614 ] Score = 8702[-0.51751329 -0.86722907 -0.67702461 -0.00536438  0.65587974  0.64765635
 -0.50185818] Score = 6578[-0.51751329 -0.01358471 -0.67702461 -0.00536438  0.22828781 -0.32851744
 -0.51050136] Score = 8518[-0.51751329 -0.86722907 -0.67702461 -0.00536438  0.82259598  0.64765635
 -0.50185818] Score = 8084[-0.51751329 -0.86722907 -0.67702461 -0.00536438  0.65587974  0.64765635
 -0.50185818] Score = 8520[-0.51751329 -0.86722907 -0.67702461  0.66927137  0.57457151  0.64765635
 -0.50185818] Score = 8084[-0.51751329  0.54841554 -0.67702461 -0.00536438  0.82259598  0.64765635
 -0.50185818] Score = 10189[-0.51751329 -0.49734246 -0.67702461  0.66927137  0.57457151  0.64765635
 -0.50185818] Score = 8084[-0.51751329  0.72752883 -0.67702461 -0.00536438  0.69658305  0.64765635
 -0.50185818] Score = 7998[-0.51751329 -0.86722907 -0.67702461 -0.00536438  0.82259598  0.64765635
 -0.50185818] Score = 7335[-0.51751329  0.72752883  0.90448989 -0.00536438  0.69658305  0.64765635
 -0.45084148] Score = 7998[-0.56387288 -0.90724947 -0.59189873 -0.88439999  0.50452718  0.43596676
  0.04571581] Score = 6664[-0.51751329 -0.86722907 -0.67702461 -0.00536438  0.82259598  0.64765635
 -0.50185818] Score = 2760[-0.32314947 -0.16427496 -0.09488822  0.04909354 -0.09504439  0.85411972
 -0.15729335] Score = 1191[-0.51751329 -0.86722907 -0.67702461 -0.00536438  0.82259598  0.64765635
  0.24348177] Score = 2760[-0.51751329 -0.86722907 -0.67702461 -0.00536438  0.82259598  0.64765635
 -0.50185818] Score = 2621[-0.51751329 -0.86722907 -0.67702461 -0.00536438  0.82259598  0.64765635
  0.24348177] Score = 5950[-0.51751329 -0.86722907 -0.67702461 -0.00536438  0.82259598  0.64765635
 -0.50185818] Score = 4473[-0.51751329 -0.86722907 -0.67702461 -0.00536438  0.82259598  0.64765635
  0.24348177] Score = 10078[-0.51751329 -0.86722907 -0.67702461 -0.00536438  0.82259598 -0.26045897
  0.24348177] Score = 6194[-0.70518453 -0.86722907 -0.86405333 -0.00536438  0.82259598  0.64765635
  0.24348177] Score = 10034[-0.51751329 -0.86722907 -0.67702461 -0.00536438  0.82259598  0.55563896
 -0.2038831 ] Score = 10005[-0.51751329 -0.86722907 -0.67702461 -0.00536438  0.82259598  0.64765635
  0.24348177] Score = 10017[-0.51751329 -0.86722907 -0.67702461 -0.00536438  0.82259598 -0.26045897
  0.24348177] Score = 10005[-0.51751329 -0.86722907 -0.67702461 -0.00536438  0.82259598  0.55563896
 -0.2038831 ] Score = 10041[-0.29470603 -0.86722907 -0.67702461 -0.00536438  0.82259598 -0.26045897
  0.24348177] Score = 10037[-0.51751329 -0.86722907 -0.67702461 -0.00536438  0.82259598 -0.26656865
  0.24348177] Score = 10103[-0.08214395 -0.86722907 -0.56764203 -0.05791099  0.82259598 -0.31157787
 -0.05326314] Score = 10005[-0.51751329  0.75696118 -0.67702461 -0.29328277  0.82259598  0.28222485
 -0.99571148] Score = 10103[-0.70518453 -0.86722907 -0.86405333 -0.00536438  0.82259598  0.64765635
  0.24348177] Score = 10019[-0.70518453 -0.86722907 -0.86405333 -0.00536438 -0.77622929  0.64765635
  0.24348177] Score = 10019[-0.70518453 -0.86722907 -0.86405333 -0.00536438  0.82259598  0.64765635
  0.24348177] Score = 10018[-0.51751329 -0.86722907 -0.67702461 -0.00536438  0.82259598  0.64765635
 -0.50185818] Score = 2760[-0.32314947 -0.16427496 -0.09488822  0.04909354 -0.09504439  0.85411972
 -0.15729335] Score = 1191[-0.51751329 -0.86722907 -0.67702461 -0.00536438  0.82259598  0.64765635
 -0.50185818] Score = 7884[-0.51751329 -0.86722907 -0.67702461 -0.00536438  0.82259598 -0.76860163
 -0.50185818] Score = 2760[-0.44713295 -0.86722907 -0.67702461 -0.00536438  0.82259598  0.64765635
 -0.50185818] Score = 8921[-0.51751329 -0.86722907 -0.67702461  0.41777088  0.7181315   0.64765635
  0.90645869] Score = 8584[-0.03585094 -0.76881383 -0.59552413  0.36615518  0.60428494  0.67656171
  0.75753087] Score = 8584[-0.51751329 -0.55296721 -0.67702461  0.78077753  0.82259598  0.64765635
 -0.50185818] Score = 7884[-0.51751329 -0.86722907 -0.67702461  0.41777088  0.7181315   0.64765635
  0.90645869] Score = 10113[-0.51751329 -0.86722907 -0.67702461 -0.00536438  0.82259598  0.64765635
 -0.50185818] Score = 8507[-0.03585094 -0.76881383 -0.59552413  0.36615518  0.60428494  0.67656171
  0.75753087] Score = 10087[-0.51751329 -0.86722907  0.38328903 -0.00536438  0.82259598 -0.35032355
 -0.50185818] Score = 8507[-0.51751329 -0.86722907 -0.67702461  0.41777088  0.7181315   0.64765635
  0.90645869] Score = 10032[-0.51751329 -0.86722907  0.35681558 -0.00555085  0.82259598 -0.36076693
 -0.50185818] Score = 8507[-0.51751329 -0.86722907 -0.67702461  0.41777088  0.7181315   0.64765635
  0.90645869] Score = 10025[-0.51751329 -0.86722907 -0.67702461 -0.0111761   0.82259598 -0.45440628
  0.27119276] Score = 10001[-0.03585094 -0.76881383 -0.59552413  0.36615518  0.60428494  0.67656171
  0.75753087] Score = 10034[-0.28014309 -0.81872861 -0.9682791   0.15447879  0.71500913  0.66190133
  0.11878702] Score = 10031[-0.28014309 -0.81872861 -0.9682791   0.15447879  0.71500913  0.66190133
  0.11878702] Score = 10022[-0.48479387 -0.748893   -0.57902713 -0.64671963  0.58124057 -0.73315797
  0.7273855 ] Score = 10022[-0.51751329 -0.86722907 -0.67702461 -0.00536438  0.82259598  0.64765635
 -0.50185818] Score = 2760[-0.32314947 -0.16427496 -0.09488822  0.04909354 -0.09504439  0.85411972
 -0.15729335] Score = 1191[-0.51751329 -0.86722907 -0.67702461 -0.00536438  0.82259598  0.64765635
 -0.50185818] Score = 5872[-0.4711103  -0.69940375 -0.53804366  0.00763707 -0.25195707  0.69694802
 -0.41959577] Score = 2760[-0.50068769 -0.86722907 -0.67702461 -0.00536438  0.82259598  0.64765635
 -0.50185818] Score = 5872[-0.51751329 -0.36463497 -0.0158228  -0.00536438  0.82259598  0.64765635
  0.93588582] Score = 4747[-0.51751329 -0.36463497 -0.0158228  -0.00536438  0.82259598  0.64765635
  0.93588582] Score = 6500[-0.51751329 -0.86722907 -0.67702461 -0.00536438  0.82259598  0.64765635
 -0.50185818] Score = 5854[-0.50068769 -0.86722907 -0.67702461 -0.00536438  0.82259598  0.64765635
 -0.50185818] Score = 9744[-0.51751329 -0.36463497 -0.0158228  -0.00536438  0.82259598  0.64765635
  0.93588582] Score = 7020[-0.51751329 -0.36463497 -0.71999215  0.85985433  0.82259598  0.64765635
  0.93588582] Score = 8111[-0.50068769 -0.86722907 -0.67702461 -0.00536438  0.82259598  0.64765635
 -0.50185818] Score = 7765[-0.51751329 -0.36463497 -0.71999215  0.85985433  0.82259598  0.64765635
  0.93588582] Score = 10033[-0.51751329 -0.55599852 -0.70363219  0.53042085  0.82259598  0.64765635
  0.09320875] Score = 8111[-0.51751329 -0.36463497 -0.71999215  0.85985433  0.82259598  0.64765635
  0.93588582] Score = 9335[-0.51751329 -0.86722907 -0.67702461 -0.00536438  0.82259598  0.64765635
 -0.50185818] Score = 6633[-0.51751329 -0.36463497 -0.71999215  0.85985433  0.82259598  0.64765635
  0.93588582] Score = 10038[-0.51751329 -0.86722907 -0.67702461 -0.00536438  0.82259598  0.64765635
 -0.50185818] Score = 10016[-0.51751329 -0.36463497  0.87552146  0.85985433  0.19050295 -0.71956923
 -0.86185015] Score = 10038[-0.85786459 -0.36463497 -0.13508631  0.85985433  0.82259598  0.64765635
  0.93588582] Score = 10038[-0.51751329 -0.86722907 -0.67702461 -0.00536438  0.82259598  0.64765635
 -0.50185818] Score = 2760[-0.32314947 -0.16427496 -0.09488822  0.04909354 -0.09504439  0.85411972
 -0.15729335] Score = 1191[-0.51751329 -0.11990525 -0.67702461 -0.05469376 -0.82156526  0.64765635
 -0.50185818] Score = 2760[-0.09567443 -0.91146137 -0.79066226  0.18075256 -0.14609257 -0.19706308
  0.48694417] Score = 1319[-0.51751329 -0.11990525 -0.67702461 -0.05469376 -0.81224792  0.64765635
 -0.50185818] Score = 2760[-0.51751329 -0.86722907 -0.67702461 -0.00536438  0.82259598  0.64765635
 -0.50185818] Score = 2013[-0.51751329 -0.86722907 -0.67702461 -0.00536438  0.82259598  0.64765635
 -0.50185818] Score = 5527[-0.51751329 -0.86722907  0.27130205 -0.00536438  0.82259598  0.64765635
 -0.50185818] Score = 3575[-0.51751329 -0.1543149  -0.67702461  0.22047629  0.82259598  0.64765635
 -0.50185818] Score = 7875[-0.51751329 -0.86722907 -0.67702461 -0.00536438  0.82259598  0.64765635
 -0.50185818] Score = 5527[-0.51751329 -0.86722907 -0.67702461 -0.00536438  0.82259598  0.64765635
 -0.50185818] Score = 9474[-0.51751329 -0.59441171 -0.67702461  0.08106013  0.23856101  0.64765635
 -0.50185818] Score = 7875[-0.51751329 -0.86722907 -0.67702461 -0.00536438  0.82259598  0.64765635
 -0.50185818] Score = 7948[-0.51751329 -0.11990525 -0.67702461 -0.05469376  0.65617717  0.33292016
 -0.50185818] Score = 7479[-0.51751329 -0.86722907 -0.67702461 -0.00536438  0.82259598  0.64765635
 -0.50185818] Score = 10095[-0.51751329 -0.33249687 -0.67702461 -0.25570333  0.58613777  0.40040596
 -0.56517586] Score = 8401[-0.51751329 -0.1543149  -0.67702461  0.22047629  0.82259598  0.64765635
 -0.50185818] Score = 9704[-0.51751329 -0.33249687  0.90374348 -0.25570333  0.58613777  0.40040596
 -0.56517586] Score = 8401[-0.51751329 -0.11990525 -0.67702461 -0.05469376  0.65617717  0.33292016
 -0.50185818] Score = 10019[-0.51751329 -0.1543149  -0.67702461  0.22047629  0.82259598  0.64765635
 -0.50185818] Score = 9704